Proje 1
[22,27,16,2,18,6] -> İnsertion sort

[22] [27,16,2,18,6] :başlangıç durumu

[22,27] [16,2,18,6] :1.adım

[22,27,16] [2,18,6] :2.adım
[16,22,27] [2,18,6]

[16,22,27,2] [18,6] :3.adım
[2,16,22,27] [18,6]

[2,16,22,27,18] [6] :4.adım
[2,16,18,22,27] [6] 

[2,16,18,22,27,6]   :5.adım
[2,6,16,18,22,27]

Big O(n^2)
18 sayısı sıralama sonunda dizinin ortasında oldugu için:Average case

2.soru: [7,3,5,8,2,9,4,15,6] dizisinin Selection Sort'a göre ilk 4 adımını yazınız.
    cevap:[2,3,5,8,7,9,4,15,6]
          [2,3,5,8,7,9,4,15,6]
          [2,3,4,8,7,9,5,15,6]
          [2,3,4,5,7,9,8,15,6]

............................................................
proje2
[16,21,11,8,12,22] -> Merge Sort
Yukarıdaki dizinin sort türüne göre aşamalarını yazınız.
Big-O gösterimini yazınız.

1. [16,21,11] - [8,12,22]
2. [16,21] - [11] , [8,12] -[22]
3. [16] - [21] - [11] , [8] - [12] - [22]
4. sıralanarak birleştirilir
   [16,21] - [11] , [8,12] -[22]
5. [11,16,21],[8,12,22]
6. [8,11,12,16,21,22]

big O(nlogn)

..............................................................
proje3


